$ANSIBLE_VAULT;1.1;AES256
62393233383461376630366132346564333739653434336538626139656435623965366435363430
6638333661623837623230313434313262666466333966300a633537373938303064373333303565
65306166623830376461356466623337306565646366373838663735633139643836326134353630
3164336231623038660a386361636134353236653537363839343833353763346561303235646138
36393737333662643933613036636433363834613530386136666562656532363336663337643964
66363761643864316562323962343266353464316239336463306363643237353132316132613439
33393431396365323962343665343732623331353132323130663933373962366264363935363630
37303165383832393336363936356233333332373234313964333464383131396564613932333166
39666464316632356234313132356465353433653064333833356364303931636461303566613764
34633866643264376564376336326262653539326264333831373637383665643833343161643131
61386661633230343235363237626438333533353436396231646236303838353638373733366630
30326531303766623036383630363130323539643362346561363661316364346436653663363433
35363137633435343234383233313764623636353663376138373237666330636636326136316666
37376533616237376635663532616131656133653662613835383637613336373732306365396131
36306463663662313665353439626665326339663763303836343039386435383531386132376361
61306535636664393738313765643263646261653230366138393933393133346230613435373336
63353163666332626235306564336135613234313938646165653438626431346634343232643761
36363633373530393066616533363934313031303366326531356337366562333366653035616433
38646664656365366565343538383762656437306463643932333038396638363766636334643131
31393737346634333561366664653136363535643837613736353530616266356165316231663662
61646633623730333263376336366533623031366162383062666339616366643836336162323561
33666464316430303532626430373537316465663166653864636539666330653364356637316463
30656161373463646166353036623764626462333634333766333035663636623163336434346166
62353632303664336666353863626366343266633933666631623938636365313266656431353433
34313961633630363936633836313761326631313733336533636664316362666563363663306436
32356234376330633166663932323034663033336333663037366466366638343439333339303830
61626438343063306437313264376663316365616361313138646632623330633561363062643163
32663237386232663235376639616666343664353335646261636139633237643163643531386530
63633664366465393766303463363738626363376639663161356330383437383330306264363833
66303738313739366163383638306434333330656437643132663139323137623437313162393361
39316365303332653061343065333861313731653337643531366533353133303337323530396563
38333831366362313930633034333738346334616162643132653430346630376132663731393131
30396339356232613731313030626462366366623731633862346631383332306233666634356665
36363031626530663736336637663132323039363832396637653338653730643163376230373137
33633233383931396161313065636437613935643033353663336263663632376237366634316162
37326131343961313431636430376435366563643162363331386561383134386339373531346134
66343737353430633130353135313134363464333731626530343666306131393534636332376132
36303430343138393630353966366233353232656366646130323335626439393638636138333564
30646664623231623032313031636236396539613538306333623132663965373830613232373835
64366537313635363336346465356436363965633063623236366563363436636638623637376537
64633264613637306462383838356136616435303636396163663963643366636239636232313562
34306433303261396130643332653634363539623765656635353037316661383734623061626135
38396336306262666266353137383762343563313433623931356134643664663662393630313133
31643038633733316331646235616533356330646537323330363833653435313232346239646633
31346333303430653437363039396262636564313461663363623763323661626133646261313132
37663639303266363864356137396431316134376430353237323931393336656562373630633463
65363763653662633165356564393531636262396534616263383861313463396131633362366333
63333733343430383034366163373234663930646630636136363364626537393437303938356533
64663034653063623033396539383466356435333862393265643130613162626139333331613665
36346264633762393762393739636531396439386565383362333230646361383630373366636565
33313236636332356262613966653739663638666338653139373263353166643761323933613938
61396631303766613765663930363938663336313563333733316331306637646631643164613032
38633465323431646461313666313033313762386339373137656465323531363930633163343530
35616662623561343030323632383639653935323862356430636664383938303661653462393238
62353037363963626562373635666666666531623564323335623438306132316335363132373866
65666633623430663937303063663430316464643136363436386131396335663937616239666433
31306235383236333239613161636532303338383963323734333763383934363930393261343162
30636463333236366537626365616635323133333739363332316466313733383162363835356561
38353939363935366233396433623339383739313432663366353038343734636361356333633938
35346633633565643031333134303462393063653532383735393536303130346263653533343831
39386332656634653137663736356237646663613361646637313065336438656635616138373262
31383866303632303737656561393833663437313165313635663136353665656135366533633136
663662613830386133383538366563646266
