$ANSIBLE_VAULT;1.1;AES256
37316130653736653266366136636131346365363131346566313134306137376539393165313564
6230333061616232363065643666643162616334366363620a653335633136633964393133633062
31636264373736343063656235356336656235633337623238303738343765343961323062356338
3766633131343162310a626437363933376536643239393033323438323734663530623539666330
32656339643136646563373333393737356161616239613738306264386536633464666636623135
30356436373030623765383230643364663731313031333762616537623166326332316165333765
66623038643032346366363632366262626633656631396539666131653164663263663435376561
66633463623832323964613238386536663732393838663464653263303436633431343339623035
38366365393138623035626565383830663562373236333464373834643938616531343731336565
33313235313231623635303832366134303839666264363834643431623339643632643733656332
37656131663965386663383663643031633465626561646235656232306562626230326364353036
37633536363135613532313937333830616565383065653062393165383865396661326630303331
33396565623562623234306464353039343663613439633564356335376233326233303936353034
63333263653535633439623134616364643566383132656266646161343964646238343762656361
33343165366330636634643263333838366534316539303132373861643166333531353132643963
30323735323132633538306537643734333339333239303730626638386561306536366661323837
64386239303866386633383531353139336636326465396137613163643931613734366136323332
61663438336434303134623965306639396638366531363463393635346265376336646339363730
66653964323962363565363762643265383634653364626632313063643037623431323932663632
63626566343636646136656633613838653538376135333931336239336562383061353730316166
62316262353763663736336536643166353965383761616366323365373332366238653865626465
36333663393965663161343837363761633065623236666630663632323633323962333236396338
37313065303239356134356331666232643262663730346332353763653266306163336662613039
66363566383038303361373061613939343234313632316537313736373539343831323432376535
39343738303130336563616664643662393539353264656333383433623137386532336162363732
37396531313439336663636634313030353630633533636566343763636437623862323139626465
64613166393264646633313061366334636535323730323934393630333466363562386265326333
66383965623034313164346530633437663335643938616463613065363566343139356164383965
39366435643666333965373465346565353831323935613464386263343531633434333761653263
62303234626161643666383763373264366334303637323737303530653531353361666439366430
66663063316364613130613261343062346165663765663439636263363033313934653036303063
32656664616532653235306334333133643865323863626332656364623933323265653233336566
62613036306430623831393937363931626130303335316234336636383862363437653831343633
62633930393337666632363839623865386261363234363365343632366562656464396338343237
663738316661383166643565353234316264
