$ANSIBLE_VAULT;1.1;AES256
39363462383130623434323862326636333832336132353664653732363863326265656339343337
3562383834353337383234336630313831333937666339610a326361633830313334303633653065
66323662663139386262646461356336666362393366653563343063613534376337323938323330
3832366236323535330a653237386264386263663438383733386234386532376238656435333432
35646237386133393333343736643731663630306134313661653761356664373332656332623230
35393362616530323366356233656438623830613737643138653965656339613234643363653033
36626331656139363666626139656664353135623665376262353531396637623436313061366533
34386337356532363865306632663632613031333832386131383836613661396635643531613231
62303766383630393438356530333530656665626635383734393262636265633439326234646665
61393634333965613565643438303130386134323234363666333264303566396666303562336361
31613033313137646631356361396263613163353238346137613265326133396161633935363463
63333130393866383030346338313334633562613666336664613363616135376466336265633162
33623936643732636465663030383531336362393432613065383565376366356136383338343435
37653538666661656361386232643235646236383438653838333165643662343463326565353930
36383961623932386361656266313639386637633865393964356139373136343764356138626162
61346266626635636137376466386630666437623863303263613965363336366338313466313435
35323734303730396662313134643339646439353864373234303563333666316664333465396139
36346436346365313666306663623638356238633539393162396632626435323138633865373735
35353437303135323738633730333966386161636561373263643630333736396365656631383632
34363336623763326138323234616432353538346330366538343865366566353439303463646462
32626338616262623730613230393431643561633935346330393035386130656233653037303564
39366537323431663531636364663165323163363136363336636366373633393539326661386439
33343434653261343439666136316362393539386662356537613739333335623363633864613736
61653236653735363933626332366637663361396438626661333537396532396632323661393933
31333337633139653038326237666530353762373334396638313633366534343035
